IRM0
slope: 0.002372585744
intercept: 1.37669143987

IRM2
slope: 0.00264713840204
intercept: 1.04544891075