image: map.png
resolution: 0.01
origin: [2.51460815553,3.07339332727,3.14159]
occupied_thresh: 0.65
free_thresh: 0.196
negate: 0