image: map.png
resolution: 0.01
origin: [0.558801482824,0.558798517172,3.14159]
occupied_thresh: 0.65
free_thresh: 0.196
negate: 0